layout              -3        -2        -1        0         1         2         3         alt       not_found 
1234                0.773     2.153     4.722     1.49      3.353     8.582     7.656     71.986    1.69      
grawerty            0.247     1.401     5.058     1.507     3.419     7.647     12.173    70.763    0.19      
focal               1.251     2.932     3.973     1.206     4.098     7.34      13.232    68.183    0.19      
dvorak              2.21      3.271     4.671     1.66      6.216     4.359     7.219     72.799    0.0       
sturdy              1.13      2.678     4.126     2.117     3.748     9.469     14.462    64.485    0.19      
colemak-dh          1.977     2.92      4.995     2.712     6.224     9.897     13.359    60.131    0.19      
graphite            0.618     4.808     3.987     0.895     3.073     7.413     10.728    70.883    0.0       
colemak             1.093     3.757     5.889     5.4       5.707     9.347     10.891    60.131    0.19      
northstar           0.962     2.244     4.156     1.276     3.268     9.346     10.2      70.763    0.19      
canary              0.514     1.591     4.012     3.516     4.05      9.273     16.744    62.515    0.19      
grawerty-rl         0.248     1.11      5.374     1.398     3.666     7.538     12.118    70.763    0.19      
anymak:end          1.496     4.585     4.248     1.245     3.314     6.956     6.81      73.561    0.19      
qwerty              2.963     5.062     8.466     7.73      11.909    9.412     2.313     54.36     0.19      
comet               0.687     2.244     4.052     4.051     4.629     6.904     10.73     69.108    0.0       
statica             0.317     2.713     4.022     2.688     3.611     8.998     11.861    68.005    0.19      
beakl19bis          1.403     5.12      4.248     2.523     1.89      6.028     7.466     73.537    0.19      
colemak-angle       1.087     2.772     5.441     5.351     5.76      10.334    11.339    60.131    0.19      
qwerty-angle        2.476     3.428     8.286     7.727     13.043    10.399    2.496     54.36     0.19      
